{
  "metadata": {
    "kernelspec": {
      "name": "python",
      "display_name": "Python (Pyodide)",
      "language": "python"
    },
    "language_info": {
      "codemirror_mode": {
        "name": "python",
        "version": 3
      },
      "file_extension": ".py",
      "mimetype": "text/x-python",
      "name": "python",
      "nbconvert_exporter": "python",
      "pygments_lexer": "ipython3",
      "version": "3.8"
    }
  },
  "nbformat_minor": 5,
  "nbformat": 4,
  "cells": [
    {
      "id": "6360f0a0-6d00-4048-b7a1-d68fcdd990a8",
      "cell_type": "code",
      "source": "import numpy as np\n\ntokens = [\"low\", \"est\", \"</w>\"]\n\nprint(\"BPE Tokens:\")\nprint(tokens)\n\nvocabulary = sorted(set(tokens))\n\nprint(\"\\nVocabulary:\")\nprint(vocabulary)\n\ntoken_to_id = {}\n\nfor index, token in enumerate(vocabulary):\n    token_to_id[token] = index\n\nprint(\"\\nToken to ID:\")\nprint(token_to_id)\n\ntoken_ids = []\n\nfor token in tokens:\n    token_ids.append(token_to_id[token])\n\ntoken_ids = np.array(token_ids)\n\nprint(\"\\nToken IDs:\")\nprint(token_ids)\n\nembedding_size = 5\n\nembedding_matrix = np.random.rand(len(vocabulary), embedding_size)\n\nprint(\"\\nEmbedding Matrix:\")\nprint(embedding_matrix)\n\nembedded_tokens = embedding_matrix[token_ids]\n\nprint(\"\\nEmbedded Tokens:\")\nprint(embedded_tokens)\n\ncontext_vector = np.sum(embedded_tokens, axis=0)\n\nprint(\"\\nContext Vector:\")\nprint(context_vector)\n\nscores = context_vector[:len(vocabulary)]\n\nexp_scores = np.exp(scores)\n\nprobabilities = exp_scores / np.sum(exp_scores)\n\nprint(\"\\nSoftmax Probabilities:\")\nprint(probabilities)",
      "metadata": {
        "trusted": true,
        "scrolled": true
      },
      "outputs": [
        {
          "name": "stdout",
          "output_type": "stream",
          "text": "BPE Tokens:\n['low', 'est', '</w>']\n\nVocabulary:\n['</w>', 'est', 'low']\n\nToken to ID:\n{'</w>': 0, 'est': 1, 'low': 2}\n\nToken IDs:\n[2 1 0]\n\nEmbedding Matrix:\n[[0.02843459 0.53555766 0.53182833 0.76895755 0.61082893]\n [0.01077439 0.10741954 0.17794862 0.32917154 0.33293598]\n [0.83060021 0.14579799 0.12679645 0.62944659 0.44317969]]\n\nEmbedded Tokens:\n[[0.83060021 0.14579799 0.12679645 0.62944659 0.44317969]\n [0.01077439 0.10741954 0.17794862 0.32917154 0.33293598]\n [0.02843459 0.53555766 0.53182833 0.76895755 0.61082893]]\n\nContext Vector:\n[0.86980919 0.7887752  0.8365734  1.72757567 1.38694461]\n\nSoftmax Probabilities:\n[0.3460839  0.31914554 0.33477057]\n"
        }
      ],
      "execution_count": 1
    }
  ]
}